
workload:
Inputs =  [[23 10 28 20]
 [21 22 26 27]
 [ 5 29  0 10]
 [23 10  0 12]] 
 Weights =  [[15 24 29 18]
 [27 24 12 14]
 [23 17  1  3]
 [ 9 19 19 22]] 

 starting execution..


========================================================================================================================
execution latency:  11 cycles


workload:
Inputs =  [[23 10 28 20]
 [21 22 26 27]
 [ 5 29  0 10]
 [23 10  0 12]] 
 Weights =  [[10 25 28 12  6  5 21 13]
 [20  0 12  2  7  7  9 12]
 [ 3 20 24 20 22  3 22 10]
 [15 17 20  9 27 18 19 22]] 

 starting execution..


========================================================================================================================
execution latency:  22 cycles


workload:
Inputs =  [[14  3 26  2 28  7  6  2 28  7  8 14 20  3  4  7 18 19 18 24]
 [14  4 29 23  2 11 29  3  5 20 22  0 25  8 19 23 20 28  8 19]
 [25 26  2  2 24  2  2 11 29 16  3 18 16  2  6 26 21 10 11 23]
 [ 8 20 28  0  1  8 18  4  2 10  0 21  8  0 11  6 10 11 29  3]] 
 Weights =  [[11 12 14  5]
 [ 0  5 18 10]
 [25 29 25 11]
 [19  9 15  6]
 [20 17  1 11]
 [19 13 10 15]
 [23 28  6 23]
 [26  5 21  3]
 [ 1 20 19  1]
 [21 17 27  4]
 [20  5 11  0]
 [21 11  3 17]
 [17 25  5  9]
 [26  1 21 16]
 [11  2 21 20]
 [ 9 11  6 17]
 [21  5 17  2]
 [27 27 20 26]
 [ 2  9  6  2]
 [29 28  5  7]] 

 starting execution..


========================================================================================================================
execution latency:  55 cycles


workload:
Inputs =  [[14  3 26  2 28  7  6  2 28  7  8 14 20  3  4  7 18 19 18 24]
 [14  4 29 23  2 11 29  3  5 20 22  0 25  8 19 23 20 28  8 19]
 [25 26  2  2 24  2  2 11 29 16  3 18 16  2  6 26 21 10 11 23]
 [ 8 20 28  0  1  8 18  4  2 10  0 21  8  0 11  6 10 11 29  3]] 
 Weights =  [[15 26  5 29 21 18 16 13]
 [14 22 10 23  9 24 27 12]
 [ 9  2 21 11 11 12 24  6]
 [ 0 27  1  2 11  5 23 19]
 [27 13 20 18  7  9 12 10]
 [14 20 21  1 29 22 13  4]
 [16 27 16 28 26  7 13 23]
 [ 1 17  6  6  0 16 10 23]
 [18 23 20  4  5 24 26  5]
 [ 8  3 25 24  2 14 10  5]
 [18  8 13  7  1  7 11 18]
 [17 24 29 23 20  0 14 23]
 [ 5 20 17  5 27 25 21 25]
 [ 0 20  3  4 15 12 21  6]
 [28 29  7 24  4  4 26 15]
 [ 9 19  8 29 17 20 22 19]
 [14  9 25  9 27  0 28 25]
 [11  9 18 13  0 12 23 11]
 [13  8 16  4  6  5  7 18]
 [26  1  3 20 21  3  3 12]] 

 starting execution..


========================================================================================================================
execution latency:  110 cycles


workload:
Inputs =  [[10 19  7 15]
 [12  3 18  1]
 [ 9 18 19 14]
 [ 6 23  8 11]
 [16 27  9 27]
 [ 3  6 23 22]
 [ 0 28  2 23]
 [21 25 29 27]
 [ 8 20 19 23]
 [21 28 16 26]
 [19 18 23 28]
 [ 4 14 22 18]] 
 Weights =  [[15 24 29 18]
 [27 24 12 14]
 [23 17  1  3]
 [ 9 19 19 22]] 

 starting execution..


========================================================================================================================
execution latency:  33 cycles


workload:
Inputs =  [[10 19  7 15]
 [12  3 18  1]
 [ 9 18 19 14]
 [ 6 23  8 11]
 [16 27  9 27]
 [ 3  6 23 22]
 [ 0 28  2 23]
 [21 25 29 27]
 [ 8 20 19 23]
 [21 28 16 26]
 [19 18 23 28]
 [ 4 14 22 18]] 
 Weights =  [[10 25 28 12  6  5 21 13]
 [20  0 12  2  7  7  9 12]
 [ 3 20 24 20 22  3 22 10]
 [15 17 20  9 27 18 19 22]] 

 starting execution..


========================================================================================================================
execution latency:  66 cycles


workload:
Inputs =  [[ 6  6  9 20  4 15 10 17  1 13 24 17 23 11  1 13 23 28 20  4]
 [ 2 27 19 15 14 16 17  3  2 10 13 25 25 29  8  6 28  8 27 16]
 [ 0 24 25 20 22 28  8  6 20  7 29 10 19  4  0 26  3  3 23 19]
 [19  5 16 24  4  6 13 14 20 22 10 19 23 21  5 28  4 27 17 18]
 [ 6 25 13 19  5  3 10 26 22 27 22 10 15 23 17 24  7 20 29  5]
 [14 11 28 27 20 29 24 10  3 28 16 28  7 10 25 19  3 21  4 20]
 [ 4 21  9 22 13 26 12 23 14  1 22 11  6  2 15  6  0  2  1  9]
 [ 8 14  1 20  2 21 28  0 20 13  0  8 15  5  1 26 27  7 18  3]
 [27 24 19  0  6  0 26  6 15  4 20  7  1  6 18  5  0 13 26 15]
 [ 2  1 29 26  8  5  0  5 22  0 11  2  7 28  3  7 27 15 12 14]
 [23  6 23 27  0 27 10  7 14  8 12  5 21 10  7  0 21  9 14  5]
 [10 23 19 29 25  4 17 19  1 17 18 26 22 15  9  1 15 26 18 12]] 
 Weights =  [[11 12 14  5]
 [ 0  5 18 10]
 [25 29 25 11]
 [19  9 15  6]
 [20 17  1 11]
 [19 13 10 15]
 [23 28  6 23]
 [26  5 21  3]
 [ 1 20 19  1]
 [21 17 27  4]
 [20  5 11  0]
 [21 11  3 17]
 [17 25  5  9]
 [26  1 21 16]
 [11  2 21 20]
 [ 9 11  6 17]
 [21  5 17  2]
 [27 27 20 26]
 [ 2  9  6  2]
 [29 28  5  7]] 

 starting execution..


========================================================================================================================
execution latency:  165 cycles


workload:
Inputs =  [[ 6  6  9 20  4 15 10 17  1 13 24 17 23 11  1 13 23 28 20  4]
 [ 2 27 19 15 14 16 17  3  2 10 13 25 25 29  8  6 28  8 27 16]
 [ 0 24 25 20 22 28  8  6 20  7 29 10 19  4  0 26  3  3 23 19]
 [19  5 16 24  4  6 13 14 20 22 10 19 23 21  5 28  4 27 17 18]
 [ 6 25 13 19  5  3 10 26 22 27 22 10 15 23 17 24  7 20 29  5]
 [14 11 28 27 20 29 24 10  3 28 16 28  7 10 25 19  3 21  4 20]
 [ 4 21  9 22 13 26 12 23 14  1 22 11  6  2 15  6  0  2  1  9]
 [ 8 14  1 20  2 21 28  0 20 13  0  8 15  5  1 26 27  7 18  3]
 [27 24 19  0  6  0 26  6 15  4 20  7  1  6 18  5  0 13 26 15]
 [ 2  1 29 26  8  5  0  5 22  0 11  2  7 28  3  7 27 15 12 14]
 [23  6 23 27  0 27 10  7 14  8 12  5 21 10  7  0 21  9 14  5]
 [10 23 19 29 25  4 17 19  1 17 18 26 22 15  9  1 15 26 18 12]] 
 Weights =  [[15 26  5 29 21 18 16 13]
 [14 22 10 23  9 24 27 12]
 [ 9  2 21 11 11 12 24  6]
 [ 0 27  1  2 11  5 23 19]
 [27 13 20 18  7  9 12 10]
 [14 20 21  1 29 22 13  4]
 [16 27 16 28 26  7 13 23]
 [ 1 17  6  6  0 16 10 23]
 [18 23 20  4  5 24 26  5]
 [ 8  3 25 24  2 14 10  5]
 [18  8 13  7  1  7 11 18]
 [17 24 29 23 20  0 14 23]
 [ 5 20 17  5 27 25 21 25]
 [ 0 20  3  4 15 12 21  6]
 [28 29  7 24  4  4 26 15]
 [ 9 19  8 29 17 20 22 19]
 [14  9 25  9 27  0 28 25]
 [11  9 18 13  0 12 23 11]
 [13  8 16  4  6  5  7 18]
 [26  1  3 20 21  3  3 12]] 

 starting execution..


========================================================================================================================
execution latency:  330 cycles

