
workload:
Inputs =  [[ 8 10 19]
 [10  7 19]
 [10 10 29]] 
 Weights =  [[21 18 11]
 [ 8  3 15]
 [ 0 25  2]] 

 starting execution..


========================================================================================================================
execution latency:  8 cycles


workload:
Inputs =  [[ 8 10 19]
 [10  7 19]
 [10 10 29]] 
 Weights =  [[ 7 25 22 22  6  8 26  4  5]
 [22  6 28  6  5 13 22  9 18]
 [ 8  5  7 11 22  9 26  4  2]] 

 starting execution..


========================================================================================================================
execution latency:  24 cycles


workload:
Inputs =  [[ 8  4 15 26  5  6  4 28  7  3  5 19 14 20  6 13 26  0]
 [14  2 16 12 25 23 24 25 14 14 12 19  9 10 22 12  0  7]
 [29 28 16 15 18 29 16 21  8 25 17 21 22  1 15  7 25 13]] 
 Weights =  [[24 24 24]
 [25 18 16]
 [ 7 14 20]
 [ 7 15 25]
 [26 25 14]
 [13 26  1]
 [ 9  3  4]
 [ 4 28 12]
 [ 9  3 11]
 [ 1 10  3]
 [ 2 25  8]
 [ 5 18 26]
 [ 7 10 12]
 [17  0 13]
 [ 0 29 13]
 [ 6 21 26]
 [11  7 23]
 [26 26 27]] 

 starting execution..


========================================================================================================================
execution latency:  48 cycles


workload:
Inputs =  [[ 8  4 15 26  5  6  4 28  7  3  5 19 14 20  6 13 26  0]
 [14  2 16 12 25 23 24 25 14 14 12 19  9 10 22 12  0  7]
 [29 28 16 15 18 29 16 21  8 25 17 21 22  1 15  7 25 13]] 
 Weights =  [[10 23  3 14 11 22  5  0 16]
 [17 23 16 14 23 20 23 21 10]
 [ 3 20  4  9  2 29  7  2 27]
 [ 1 18 13  0 25 12  4 11 27]
 [17 22  6 15  8 17  1  1 22]
 [ 2  7 21 28 14 24 18 13  8]
 [19  5 26  3 21 16 16 16 28]
 [ 8 20  8  4  3 12 19 21 12]
 [28  3 16  9 10 21 13 28 10]
 [22 27  4  2 25 19 27 13 23]
 [ 3 20 26 13 27  4 18 13 18]
 [27 29  9 23 22  6  5 17 14]
 [10 14  3 18  8 27 24 22 23]
 [ 5 21 29 19 24 14  4 14 11]
 [26 11 25  1 21 15  4  3  3]
 [ 5  3 16  8  9 22 18 21 16]
 [ 3  2  7 15 21 11 19 17  4]
 [ 6 22 19  5 16  5  6 22 13]] 

 starting execution..


========================================================================================================================
execution latency:  144 cycles


workload:
Inputs =  [[19 27  7]
 [20 22 18]
 [22 28 24]
 [ 0 20 25]
 [22 22 25]
 [14 22  5]
 [ 4  1  3]
 [23  1 18]
 [17  0 25]
 [14  5 26]
 [ 5  6 19]
 [13  0  0]] 
 Weights =  [[21 18 11]
 [ 8  3 15]
 [ 0 25  2]] 

 starting execution..


========================================================================================================================
execution latency:  32 cycles


workload:
Inputs =  [[19 27  7]
 [20 22 18]
 [22 28 24]
 [ 0 20 25]
 [22 22 25]
 [14 22  5]
 [ 4  1  3]
 [23  1 18]
 [17  0 25]
 [14  5 26]
 [ 5  6 19]
 [13  0  0]] 
 Weights =  [[ 7 25 22 22  6  8 26  4  5]
 [22  6 28  6  5 13 22  9 18]
 [ 8  5  7 11 22  9 26  4  2]] 

 starting execution..


========================================================================================================================
execution latency:  96 cycles


workload:
Inputs =  [[ 8 23 22 14 11  1 10 15  9 23 23 25  9 26 13  8 17  2]
 [29 24  5  7 27  5 11  8  6  1 17 26 18 14 19 27  4 29]
 [10 27 21  1 26  9 28 13 25 27  3  8 24 19 21  0 18  5]
 [ 3 23  5  0 28 17 27 22  6 17 11  2  7  6 26  1 29  6]
 [13 15 15  9 22 13 27  9 18  3  8  7 11  7 27 12 23 28]
 [27 24  4  4  4 16 22 23 11 26 15  8  4 27 16  4 12 29]
 [22 12  2 23 15 23 10  6 26  9  3 24 23 12 15 10 10 25]
 [24 11 22  5  4 23 19 27 26  9 15  5 29 26  3 24 12 12]
 [29 11 12  3 18  2  4 19 19 24  5  6  0 11 14 26 15 14]
 [ 5 25 25 19 19  8  4 26 29  1  3  8 12  3 17  2 16 20]
 [24 24 20 17  0  6 21 14 11 10 20 26 24 11 20  4  7  6]
 [ 2 10  9  9 14 17 29 18 19  9  9 21  1 20 15  1 29 17]] 
 Weights =  [[24 24 24]
 [25 18 16]
 [ 7 14 20]
 [ 7 15 25]
 [26 25 14]
 [13 26  1]
 [ 9  3  4]
 [ 4 28 12]
 [ 9  3 11]
 [ 1 10  3]
 [ 2 25  8]
 [ 5 18 26]
 [ 7 10 12]
 [17  0 13]
 [ 0 29 13]
 [ 6 21 26]
 [11  7 23]
 [26 26 27]] 

 starting execution..


========================================================================================================================
execution latency:  192 cycles


workload:
Inputs =  [[ 8 23 22 14 11  1 10 15  9 23 23 25  9 26 13  8 17  2]
 [29 24  5  7 27  5 11  8  6  1 17 26 18 14 19 27  4 29]
 [10 27 21  1 26  9 28 13 25 27  3  8 24 19 21  0 18  5]
 [ 3 23  5  0 28 17 27 22  6 17 11  2  7  6 26  1 29  6]
 [13 15 15  9 22 13 27  9 18  3  8  7 11  7 27 12 23 28]
 [27 24  4  4  4 16 22 23 11 26 15  8  4 27 16  4 12 29]
 [22 12  2 23 15 23 10  6 26  9  3 24 23 12 15 10 10 25]
 [24 11 22  5  4 23 19 27 26  9 15  5 29 26  3 24 12 12]
 [29 11 12  3 18  2  4 19 19 24  5  6  0 11 14 26 15 14]
 [ 5 25 25 19 19  8  4 26 29  1  3  8 12  3 17  2 16 20]
 [24 24 20 17  0  6 21 14 11 10 20 26 24 11 20  4  7  6]
 [ 2 10  9  9 14 17 29 18 19  9  9 21  1 20 15  1 29 17]] 
 Weights =  [[10 23  3 14 11 22  5  0 16]
 [17 23 16 14 23 20 23 21 10]
 [ 3 20  4  9  2 29  7  2 27]
 [ 1 18 13  0 25 12  4 11 27]
 [17 22  6 15  8 17  1  1 22]
 [ 2  7 21 28 14 24 18 13  8]
 [19  5 26  3 21 16 16 16 28]
 [ 8 20  8  4  3 12 19 21 12]
 [28  3 16  9 10 21 13 28 10]
 [22 27  4  2 25 19 27 13 23]
 [ 3 20 26 13 27  4 18 13 18]
 [27 29  9 23 22  6  5 17 14]
 [10 14  3 18  8 27 24 22 23]
 [ 5 21 29 19 24 14  4 14 11]
 [26 11 25  1 21 15  4  3  3]
 [ 5  3 16  8  9 22 18 21 16]
 [ 3  2  7 15 21 11 19 17  4]
 [ 6 22 19  5 16  5  6 22 13]] 

 starting execution..


========================================================================================================================
execution latency:  576 cycles


workload:
B =  3 
C =  3 
K =  3 

 starting execution..


========================================================================================================================
execution latency:  8 cycles


workload:
B =  3 
C =  3 
K =  9 

 starting execution..


========================================================================================================================
execution latency:  24 cycles


workload:
B =  3 
C =  18 
K =  3 

 starting execution..


========================================================================================================================
execution latency:  48 cycles


workload:
B =  3 
C =  18 
K =  9 

 starting execution..


========================================================================================================================
execution latency:  144 cycles


workload:
B =  12 
C =  3 
K =  3 

 starting execution..


========================================================================================================================
execution latency:  32 cycles


workload:
B =  12 
C =  3 
K =  9 

 starting execution..


========================================================================================================================
execution latency:  96 cycles


workload:
B =  12 
C =  18 
K =  3 

 starting execution..


========================================================================================================================
execution latency:  192 cycles


workload:
B =  12 
C =  18 
K =  9 

 starting execution..


========================================================================================================================
execution latency:  576 cycles

